MEME version 4

ALPHABET= ACGT

strands: + -

Background letter frequencies (from uniform background):
A 0.25000 C 0.25000 G 0.25000 T 0.25000

MOTIF AHR AHR_MOUSE
letter-probability matrix: alength= 4 w= 9 nsites= 154 E= 0
  0.266234	  0.116883	  0.363636	  0.253247	
  0.071429	  0.077922	  0.227273	  0.623377	
  0.142857	  0.285714	  0.136364	  0.435065	
  0.019481	  0.006494	  0.948052	  0.025974	
  0.006494	  0.974026	  0.006494	  0.012987	
  0.019481	  0.006494	  0.967532	  0.006494	
  0.000000	  0.019481	  0.006494	  0.974026	
  0.000000	  0.000000	  1.000000	  0.000000	
  0.279221	  0.435065	  0.103896	  0.181818	

MOTIF AIRE AIRE_MOUSE
letter-probability matrix: alength= 4 w= 18 nsites= 41 E= 0
  0.390244	  0.268293	  0.121951	  0.219512	
  0.195122	  0.195122	  0.146341	  0.463415	
  0.146341	  0.146341	  0.195122	  0.512195	
  0.048780	  0.000000	  0.878049	  0.073171	
  0.000000	  0.000000	  0.804878	  0.195122	
  0.317073	  0.048780	  0.024390	  0.609756	
  0.390244	  0.097561	  0.024390	  0.487805	
  0.365854	  0.146341	  0.146341	  0.341463	
  0.341463	  0.073171	  0.146341	  0.439024	
  0.512195	  0.097561	  0.146341	  0.243902	
  0.390244	  0.048780	  0.073171	  0.487805	
  0.219512	  0.146341	  0.073171	  0.560976	
  0.000000	  0.024390	  0.878049	  0.097561	
  0.000000	  0.000000	  0.975610	  0.024390	
  0.219512	  0.097561	  0.243902	  0.439024	
  0.073171	  0.195122	  0.195122	  0.536585	
  0.439024	  0.024390	  0.170732	  0.365854	
  0.414634	  0.268293	  0.097561	  0.219512	

MOTIF ALX1 ALX1_MOUSE
letter-probability matrix: alength= 4 w= 12 nsites= 31 E= 0
  0.451613	  0.193548	  0.258065	  0.096774	
  0.064516	  0.096774	  0.000000	  0.838710	
  0.774194	  0.032258	  0.096774	  0.096774	
  0.870968	  0.064516	  0.000000	  0.064516	
  0.000000	  0.096774	  0.000000	  0.903226	
  0.032258	  0.225806	  0.129032	  0.612903	
  0.483871	  0.000000	  0.516129	  0.000000	
  0.354839	  0.258065	  0.354839	  0.032258	
  0.774194	  0.000000	  0.129032	  0.096774	
  0.096774	  0.000000	  0.032258	  0.870968	
  0.064516	  0.032258	  0.032258	  0.870968	
  0.806452	  0.064516	  0.064516	  0.064516	

MOTIF ANDR ANDR_MOUSE
letter-probability matrix: alength= 4 w= 16 nsites= 500 E= 0
  0.402000	  0.016000	  0.520000	  0.062000	
  0.026000	  0.004000	  0.944000	  0.026000	
  0.452000	  0.192000	  0.214000	  0.142000	
  0.902000	  0.018000	  0.026000	  0.054000	
  0.000000	  0.962000	  0.026000	  0.012000	
  0.816000	  0.016000	  0.094000	  0.074000	
  0.056000	  0.410000	  0.264000	  0.270000	
  0.000000	  0.378000	  0.000000	  0.622000	
  0.128000	  0.384000	  0.370000	  0.118000	
  0.084000	  0.056000	  0.012000	  0.848000	
  0.004000	  0.010000	  0.986000	  0.000000	
  0.024000	  0.026000	  0.018000	  0.932000	
  0.148000	  0.212000	  0.206000	  0.434000	
  0.032000	  0.934000	  0.004000	  0.030000	
  0.054000	  0.534000	  0.004000	  0.408000	
  0.136000	  0.310000	  0.192000	  0.362000	

MOTIF AP2A AP2A_MOUSE
letter-probability matrix: alength= 4 w= 12 nsites= 500 E= 0
  0.406000	  0.206000	  0.234000	  0.154000	
  0.176000	  0.196000	  0.192000	  0.436000	
  0.228000	  0.146000	  0.444000	  0.182000	
  0.004000	  0.466000	  0.514000	  0.016000	
  0.002000	  0.996000	  0.002000	  0.000000	
  0.000000	  0.974000	  0.000000	  0.026000	
  0.026000	  0.212000	  0.072000	  0.690000	
  0.078000	  0.000000	  0.918000	  0.004000	
  0.542000	  0.096000	  0.358000	  0.004000	
  0.062000	  0.000000	  0.936000	  0.002000	
  0.000000	  0.000000	  1.000000	  0.000000	
  0.014000	  0.720000	  0.260000	  0.006000	

MOTIF AP2B AP2B_MOUSE
letter-probability matrix: alength= 4 w= 10 nsites= 28 E= 0
  0.035714	  0.000000	  0.785714	  0.178571	
  0.000000	  0.642857	  0.250000	  0.107143	
  0.000000	  0.964286	  0.000000	  0.035714	
  0.107143	  0.571429	  0.000000	  0.321429	
  0.071429	  0.035714	  0.892857	  0.000000	
  0.321429	  0.321429	  0.357143	  0.000000	
  0.071429	  0.035714	  0.857143	  0.035714	
  0.000000	  0.000000	  1.000000	  0.000000	
  0.178571	  0.107143	  0.678571	  0.035714	
  0.214286	  0.428571	  0.250000	  0.107143	

MOTIF AP2C AP2C_MOUSE
letter-probability matrix: alength= 4 w= 13 nsites= 500 E= 0
  0.154000	  0.306000	  0.162000	  0.378000	
  0.264000	  0.132000	  0.434000	  0.170000	
  0.008000	  0.382000	  0.576000	  0.034000	
  0.000000	  0.994000	  0.002000	  0.004000	
  0.002000	  0.822000	  0.002000	  0.174000	
  0.000000	  0.426000	  0.126000	  0.448000	
  0.002000	  0.884000	  0.000000	  0.114000	
  0.668000	  0.010000	  0.280000	  0.042000	
  0.010000	  0.000000	  0.990000	  0.000000	
  0.000000	  0.000000	  0.992000	  0.008000	
  0.018000	  0.552000	  0.424000	  0.006000	
  0.168000	  0.414000	  0.162000	  0.256000	
  0.358000	  0.216000	  0.244000	  0.182000	

MOTIF ARI5B ARI5B_MOUSE
letter-probability matrix: alength= 4 w= 13 nsites= 15 E= 0
  0.200000	  0.133333	  0.333333	  0.333333	
  0.133333	  0.266667	  0.400000	  0.200000	
  0.000000	  0.266667	  0.200000	  0.533333	
  0.000000	  0.133333	  0.333333	  0.533333	
  0.333333	  0.066667	  0.333333	  0.266667	
  0.200000	  0.066667	  0.666667	  0.066667	
  0.000000	  0.000000	  0.000000	  1.000000	
  0.866667	  0.000000	  0.133333	  0.000000	
  0.000000	  0.133333	  0.000000	  0.866667	
  0.000000	  0.066667	  0.066667	  0.866667	
  0.133333	  0.266667	  0.533333	  0.066667	
  0.133333	  0.066667	  0.266667	  0.533333	
  0.266667	  0.133333	  0.400000	  0.200000	

MOTIF ARNT ARNT_MOUSE
letter-probability matrix: alength= 4 w= 8 nsites= 268 E= 0
  0.104478	  0.246269	  0.235075	  0.414179	
  0.048507	  0.518657	  0.059701	  0.373134	
  0.544776	  0.000000	  0.455224	  0.000000	
  0.000000	  1.000000	  0.000000	  0.000000	
  0.000000	  0.000000	  1.000000	  0.000000	
  0.000000	  0.000000	  0.000000	  1.000000	
  0.000000	  0.000000	  1.000000	  0.000000	
  0.186567	  0.552239	  0.055970	  0.205224	

MOTIF ASCL1 ASCL1_MOUSE
letter-probability matrix: alength= 4 w= 14 nsites= 447 E= 0
  0.080537	  0.581655	  0.167785	  0.170022	
  0.259508	  0.190157	  0.087248	  0.463087	
  0.100671	  0.286353	  0.539150	  0.073826	
  0.000000	  1.000000	  0.000000	  0.000000	
  1.000000	  0.000000	  0.000000	  0.000000	
  0.000000	  0.436242	  0.552573	  0.011186	
  0.000000	  0.991051	  0.000000	  0.008949	
  0.000000	  0.000000	  0.002237	  0.997763	
  0.000000	  0.002237	  0.997763	  0.000000	
  0.022371	  0.794183	  0.082774	  0.100671	
  0.111857	  0.467562	  0.000000	  0.420582	
  0.060403	  0.351230	  0.322148	  0.266219	
  0.105145	  0.505593	  0.138702	  0.250559	
  0.161074	  0.382550	  0.140940	  0.315436	

MOTIF ASCL2 ASCL2_MOUSE
letter-probability matrix: alength= 4 w= 9 nsites= 499 E= 0
  0.262525	  0.352705	  0.338677	  0.046092	
  0.002004	  0.989980	  0.004008	  0.004008	
  0.985972	  0.006012	  0.002004	  0.006012	
  0.006012	  0.352705	  0.587174	  0.054108	
  0.014028	  0.979960	  0.002004	  0.004008	
  0.004008	  0.004008	  0.000000	  0.991984	
  0.002004	  0.010020	  0.963928	  0.024048	
  0.006012	  0.867735	  0.014028	  0.112224	
  0.102204	  0.294589	  0.008016	  0.595190	

MOTIF ATF1 ATF1_MOUSE
letter-probability matrix: alength= 4 w= 10 nsites= 34 E= 0
  0.294118	  0.323529	  0.323529	  0.058824	
  0.000000	  0.000000	  0.000000	  1.000000	
  0.000000	  0.000000	  1.000000	  0.000000	
  1.000000	  0.000000	  0.000000	  0.000000	
  0.000000	  0.970588	  0.029412	  0.000000	
  0.029412	  0.000000	  0.970588	  0.000000	
  0.029412	  0.058824	  0.000000	  0.911765	
  0.088235	  0.558824	  0.264706	  0.088235	
  0.735294	  0.147059	  0.058824	  0.058824	
  0.205882	  0.382353	  0.294118	  0.117647	

MOTIF ATF2 ATF2_MOUSE
letter-probability matrix: alength= 4 w= 11 nsites= 500 E= 0
  0.316000	  0.088000	  0.464000	  0.132000	
  0.424000	  0.166000	  0.384000	  0.026000	
  0.020000	  0.024000	  0.012000	  0.944000	
  0.016000	  0.014000	  0.940000	  0.030000	
  0.904000	  0.012000	  0.014000	  0.070000	
  0.034000	  0.362000	  0.248000	  0.356000	
  0.002000	  0.042000	  0.934000	  0.022000	
  0.126000	  0.072000	  0.026000	  0.776000	
  0.158000	  0.776000	  0.036000	  0.030000	
  0.876000	  0.018000	  0.064000	  0.042000	
  0.062000	  0.254000	  0.184000	  0.500000	

MOTIF ATF3 ATF3_MOUSE
letter-probability matrix: alength= 4 w= 9 nsites= 500 E= 0
  0.358000	  0.308000	  0.270000	  0.064000	
  0.040000	  0.006000	  0.014000	  0.940000	
  0.010000	  0.026000	  0.914000	  0.050000	
  0.926000	  0.004000	  0.018000	  0.052000	
  0.058000	  0.000000	  0.942000	  0.000000	
  0.148000	  0.032000	  0.028000	  0.792000	
  0.114000	  0.828000	  0.050000	  0.008000	
  0.988000	  0.008000	  0.000000	  0.004000	
  0.036000	  0.356000	  0.270000	  0.338000	

MOTIF ATF4 ATF4_MOUSE
letter-probability matrix: alength= 4 w= 12 nsites= 500 E= 0
  0.354000	  0.072000	  0.414000	  0.160000	
  0.204000	  0.202000	  0.392000	  0.202000	
  0.556000	  0.294000	  0.150000	  0.000000	
  0.000000	  0.008000	  0.000000	  0.992000	
  0.000000	  0.008000	  0.984000	  0.008000	
  0.982000	  0.008000	  0.004000	  0.006000	
  0.004000	  0.050000	  0.002000	  0.944000	
  0.000000	  0.000000	  1.000000	  0.000000	
  0.094000	  0.822000	  0.000000	  0.084000	
  0.994000	  0.004000	  0.002000	  0.000000	
  0.998000	  0.000000	  0.002000	  0.000000	
  0.028000	  0.312000	  0.102000	  0.558000	

MOTIF ATOH1 ATOH1_MOUSE
letter-probability matrix: alength= 4 w= 9 nsites= 500 E= 0
  0.534000	  0.042000	  0.378000	  0.046000	
  0.324000	  0.154000	  0.522000	  0.000000	
  0.002000	  0.996000	  0.002000	  0.000000	
  0.998000	  0.000000	  0.000000	  0.002000	
  0.000000	  0.008000	  0.974000	  0.018000	
  0.586000	  0.380000	  0.034000	  0.000000	
  0.018000	  0.006000	  0.002000	  0.974000	
  0.002000	  0.000000	  0.990000	  0.008000	
  0.032000	  0.110000	  0.722000	  0.136000	

MOTIF BACH1 BACH1_MOUSE
letter-probability matrix: alength= 4 w= 14 nsites= 8 E= 0
  0.125000	  0.250000	  0.000000	  0.625000	
  0.125000	  0.000000	  0.875000	  0.000000	
  0.000000	  1.000000	  0.000000	  0.000000	
  0.000000	  0.125000	  0.000000	  0.875000	
  0.000000	  0.000000	  1.000000	  0.000000	
  0.875000	  0.000000	  0.000000	  0.125000	
  0.000000	  0.250000	  0.750000	  0.000000	
  0.000000	  0.000000	  0.000000	  1.000000	
  0.000000	  1.000000	  0.000000	  0.000000	
  1.000000	  0.000000	  0.000000	  0.000000	
  0.125000	  0.375000	  0.000000	  0.500000	
  0.125000	  0.000000	  0.750000	  0.125000	
  0.000000	  0.250000	  0.625000	  0.125000	
  0.000000	  0.000000	  0.000000	  1.000000	

MOTIF BACH2 BACH2_MOUSE
letter-probability matrix: alength= 4 w= 11 nsites= 500 E= 0
  0.188000	  0.138000	  0.146000	  0.528000	
  0.056000	  0.100000	  0.788000	  0.056000	
  0.048000	  0.872000	  0.042000	  0.038000	
  0.086000	  0.094000	  0.030000	  0.790000	
  0.058000	  0.098000	  0.760000	  0.084000	
  0.844000	  0.034000	  0.008000	  0.114000	
  0.026000	  0.140000	  0.824000	  0.010000	
  0.018000	  0.014000	  0.002000	  0.966000	
  0.026000	  0.968000	  0.004000	  0.002000	
  0.986000	  0.000000	  0.004000	  0.010000	
  0.014000	  0.368000	  0.156000	  0.462000	

MOTIF BARX1 BARX1_MOUSE
letter-probability matrix: alength= 4 w= 12 nsites= 150 E= 0
  0.133333	  0.186667	  0.333333	  0.346667	
  0.140000	  0.326667	  0.186667	  0.346667	
  0.200000	  0.120000	  0.046667	  0.633333	
  0.793333	  0.080000	  0.120000	  0.006667	
  0.973333	  0.020000	  0.000000	  0.006667	
  0.126667	  0.100000	  0.260000	  0.513333	
  0.100000	  0.006667	  0.300000	  0.593333	
  0.013333	  0.053333	  0.926667	  0.006667	
  0.080000	  0.286667	  0.040000	  0.593333	
  0.146667	  0.160000	  0.013333	  0.680000	
  0.146667	  0.106667	  0.120000	  0.626667	
  0.186667	  0.173333	  0.120000	  0.520000	

MOTIF BATF3 BATF3_MOUSE
letter-probability matrix: alength= 4 w= 17 nsites= 500 E= 0
  0.172000	  0.354000	  0.206000	  0.268000	
  0.484000	  0.056000	  0.244000	  0.216000	
  0.030000	  0.390000	  0.502000	  0.078000	
  0.030000	  0.016000	  0.014000	  0.940000	
  0.046000	  0.064000	  0.008000	  0.882000	
  0.042000	  0.160000	  0.042000	  0.756000	
  0.018000	  0.856000	  0.020000	  0.106000	
  0.502000	  0.178000	  0.120000	  0.200000	
  0.210000	  0.182000	  0.218000	  0.390000	
  0.230000	  0.042000	  0.064000	  0.664000	
  0.482000	  0.198000	  0.056000	  0.264000	
  0.008000	  0.000000	  0.010000	  0.982000	
  0.012000	  0.024000	  0.810000	  0.154000	
  0.864000	  0.006000	  0.042000	  0.088000	
  0.100000	  0.462000	  0.318000	  0.120000	
  0.252000	  0.120000	  0.146000	  0.482000	
  0.242000	  0.386000	  0.186000	  0.186000	

MOTIF BATF BATF_MOUSE
letter-probability matrix: alength= 4 w= 18 nsites= 500 E= 0
  0.396000	  0.064000	  0.290000	  0.250000	
  0.170000	  0.262000	  0.398000	  0.170000	
  0.088000	  0.074000	  0.156000	  0.682000	
  0.148000	  0.348000	  0.118000	  0.386000	
  0.134000	  0.294000	  0.104000	  0.468000	
  0.200000	  0.454000	  0.100000	  0.246000	
  0.304000	  0.166000	  0.372000	  0.158000	
  0.482000	  0.138000	  0.198000	  0.182000	
  0.400000	  0.038000	  0.174000	  0.388000	
  0.648000	  0.122000	  0.046000	  0.184000	
  0.006000	  0.002000	  0.002000	  0.990000	
  0.004000	  0.032000	  0.894000	  0.070000	
  0.974000	  0.004000	  0.010000	  0.012000	
  0.094000	  0.598000	  0.304000	  0.004000	
  0.094000	  0.022000	  0.008000	  0.876000	
  0.138000	  0.534000	  0.294000	  0.034000	
  0.622000	  0.044000	  0.102000	  0.232000	
  0.130000	  0.204000	  0.412000	  0.254000	

MOTIF BCL6 BCL6_MOUSE
letter-probability matrix: alength= 4 w= 13 nsites= 500 E= 0
  0.180000	  0.216000	  0.178000	  0.426000	
  0.208000	  0.144000	  0.440000	  0.208000	
  0.182000	  0.626000	  0.086000	  0.106000	
  0.144000	  0.126000	  0.054000	  0.676000	
  0.048000	  0.316000	  0.068000	  0.568000	
  0.040000	  0.044000	  0.012000	  0.904000	
  0.004000	  0.876000	  0.008000	  0.112000	
  0.038000	  0.524000	  0.046000	  0.392000	
  0.956000	  0.020000	  0.016000	  0.008000	
  0.130000	  0.004000	  0.812000	  0.054000	
  0.028000	  0.066000	  0.838000	  0.068000	
  0.672000	  0.096000	  0.136000	  0.096000	
  0.776000	  0.072000	  0.026000	  0.126000	

MOTIF BHA15 BHA15_MOUSE
letter-probability matrix: alength= 4 w= 11 nsites= 500 E= 0
  0.172000	  0.286000	  0.472000	  0.070000	
  0.152000	  0.450000	  0.296000	  0.102000	
  0.688000	  0.068000	  0.200000	  0.044000	
  0.280000	  0.108000	  0.610000	  0.002000	
  0.056000	  0.922000	  0.016000	  0.006000	
  0.984000	  0.004000	  0.010000	  0.002000	
  0.006000	  0.004000	  0.964000	  0.026000	
  0.054000	  0.878000	  0.064000	  0.004000	
  0.026000	  0.012000	  0.004000	  0.958000	
  0.004000	  0.004000	  0.982000	  0.010000	
  0.002000	  0.148000	  0.634000	  0.216000	

MOTIF BHE40 BHE40_MOUSE
letter-probability matrix: alength= 4 w= 9 nsites= 500 E= 0
  0.290000	  0.038000	  0.506000	  0.166000	
  0.124000	  0.870000	  0.002000	  0.004000	
  0.938000	  0.010000	  0.016000	  0.036000	
  0.004000	  0.894000	  0.020000	  0.082000	
  0.028000	  0.012000	  0.952000	  0.008000	
  0.018000	  0.016000	  0.022000	  0.944000	
  0.000000	  0.000000	  0.998000	  0.002000	
  0.656000	  0.278000	  0.062000	  0.004000	
  0.126000	  0.506000	  0.274000	  0.094000	

MOTIF BMAL1 BMAL1_MOUSE
letter-probability matrix: alength= 4 w= 9 nsites= 500 E= 0
  0.312000	  0.506000	  0.180000	  0.002000	
  0.066000	  0.924000	  0.002000	  0.008000	
  0.940000	  0.018000	  0.022000	  0.020000	
  0.004000	  0.794000	  0.038000	  0.164000	
  0.018000	  0.012000	  0.960000	  0.010000	
  0.010000	  0.000000	  0.004000	  0.986000	
  0.004000	  0.004000	  0.990000	  0.002000	
  0.478000	  0.408000	  0.014000	  0.100000	
  0.134000	  0.482000	  0.156000	  0.228000	

MOTIF BRAC BRAC_MOUSE
letter-probability matrix: alength= 4 w= 25 nsites= 435 E= 0
  0.177011	  0.154023	  0.193103	  0.475862	
  0.087356	  0.068966	  0.110345	  0.733333	
  0.039080	  0.036782	  0.344828	  0.579310	
  0.280460	  0.181609	  0.142529	  0.395402	
  0.211494	  0.351724	  0.342529	  0.094253	
  0.027586	  0.848276	  0.039080	  0.085057	
  0.751724	  0.059770	  0.041379	  0.147126	
  0.108046	  0.347126	  0.163218	  0.381609	
  0.388506	  0.239080	  0.101149	  0.271264	
  0.282759	  0.098851	  0.137931	  0.480460	
  0.255172	  0.114943	  0.510345	  0.119540	
  0.202299	  0.170115	  0.193103	  0.434483	
  0.045977	  0.503448	  0.393103	  0.057471	
  0.016092	  0.018391	  0.002299	  0.963218	
  0.013793	  0.048276	  0.917241	  0.020690	
  0.073563	  0.091954	  0.022989	  0.811494	
  0.022989	  0.427586	  0.402299	  0.147126	
  0.786207	  0.041379	  0.039080	  0.133333	
  0.698851	  0.087356	  0.140230	  0.073563	
  0.200000	  0.103448	  0.105747	  0.590805	
  0.034483	  0.128736	  0.165517	  0.671264	
  0.126437	  0.386207	  0.110345	  0.377011	
  0.372414	  0.239080	  0.206897	  0.181609	
  0.085057	  0.154023	  0.156322	  0.604598	
  0.110345	  0.167816	  0.468966	  0.252874	

MOTIF CDX1 CDX1_MOUSE
letter-probability matrix: alength= 4 w= 8 nsites= 30 E= 0
  0.466667	  0.233333	  0.066667	  0.233333	
  0.033333	  0.000000	  0.100000	  0.866667	
  0.033333	  0.000000	  0.033333	  0.933333	
  0.066667	  0.066667	  0.133333	  0.733333	
  0.800000	  0.000000	  0.166667	  0.033333	
  0.233333	  0.100000	  0.033333	  0.633333	
  0.200000	  0.000000	  0.800000	  0.000000	
  0.200000	  0.100000	  0.333333	  0.366667	

MOTIF CDX2 CDX2_MOUSE
letter-probability matrix: alength= 4 w= 12 nsites= 500 E= 0
  0.118000	  0.162000	  0.130000	  0.590000	
  0.018000	  0.008000	  0.012000	  0.962000	
  0.008000	  0.012000	  0.002000	  0.978000	
  0.034000	  0.018000	  0.020000	  0.928000	
  0.950000	  0.018000	  0.016000	  0.016000	
  0.002000	  0.062000	  0.012000	  0.924000	
  0.112000	  0.006000	  0.460000	  0.422000	
  0.386000	  0.012000	  0.562000	  0.040000	
  0.038000	  0.754000	  0.062000	  0.146000	
  0.124000	  0.430000	  0.040000	  0.406000	
  0.114000	  0.250000	  0.160000	  0.476000	
  0.092000	  0.226000	  0.122000	  0.560000	

MOTIF CDX4 CDX4_MOUSE
letter-probability matrix: alength= 4 w= 12 nsites= 500 E= 0
  0.250000	  0.018000	  0.112000	  0.620000	
  0.184000	  0.006000	  0.702000	  0.108000	
  0.822000	  0.046000	  0.016000	  0.116000	
  0.022000	  0.010000	  0.020000	  0.948000	
  0.016000	  0.006000	  0.022000	  0.956000	
  0.084000	  0.046000	  0.084000	  0.786000	
  0.962000	  0.014000	  0.020000	  0.004000	
  0.040000	  0.182000	  0.038000	  0.740000	
  0.170000	  0.032000	  0.468000	  0.330000	
  0.208000	  0.054000	  0.644000	  0.094000	
  0.076000	  0.562000	  0.160000	  0.202000	
  0.194000	  0.414000	  0.120000	  0.272000	

MOTIF CEBPA CEBPA_MOUSE
letter-probability matrix: alength= 4 w= 11 nsites= 499 E= 0
  0.210421	  0.120240	  0.342685	  0.326653	
  0.316633	  0.222445	  0.446894	  0.014028	
  0.004008	  0.006012	  0.004008	  0.985972	
  0.008016	  0.002004	  0.298597	  0.691383	
  0.198397	  0.002004	  0.551102	  0.248497	
  0.162325	  0.152305	  0.144289	  0.541082	
  0.004008	  0.000000	  0.993988	  0.002004	
  0.162325	  0.771543	  0.000000	  0.066132	
  0.983968	  0.016032	  0.000000	  0.000000	
  0.993988	  0.000000	  0.004008	  0.002004	
  0.010020	  0.298597	  0.190381	  0.501002	

MOTIF CEBPB CEBPB_MOUSE
letter-probability matrix: alength= 4 w= 11 nsites= 500 E= 0
  0.206000	  0.110000	  0.384000	  0.300000	
  0.418000	  0.136000	  0.434000	  0.012000	
  0.006000	  0.002000	  0.002000	  0.990000	
  0.002000	  0.002000	  0.278000	  0.718000	
  0.260000	  0.010000	  0.542000	  0.188000	
  0.144000	  0.260000	  0.090000	  0.506000	
  0.000000	  0.002000	  0.996000	  0.002000	
  0.132000	  0.828000	  0.002000	  0.038000	
  0.990000	  0.010000	  0.000000	  0.000000	
  0.996000	  0.002000	  0.000000	  0.002000	
  0.010000	  0.300000	  0.170000	  0.520000	

MOTIF CEBPD CEBPD_MOUSE
letter-probability matrix: alength= 4 w= 11 nsites= 77 E= 0
  0.389610	  0.142857	  0.324675	  0.142857	
  0.441558	  0.168831	  0.324675	  0.064935	
  0.000000	  0.000000	  0.051948	  0.948052	
  0.038961	  0.012987	  0.324675	  0.623377	
  0.363636	  0.038961	  0.389610	  0.207792	
  0.129870	  0.311688	  0.220779	  0.337662	
  0.051948	  0.077922	  0.857143	  0.012987	
  0.246753	  0.597403	  0.012987	  0.142857	
  0.987013	  0.000000	  0.012987	  0.000000	
  0.961039	  0.000000	  0.038961	  0.000000	
  0.142857	  0.077922	  0.194805	  0.584416	

MOTIF CEBPE CEBPE_MOUSE
letter-probability matrix: alength= 4 w= 12 nsites= 812 E= 0
  0.112069	  0.107143	  0.201970	  0.578818	
  0.000000	  0.000000	  0.099754	  0.900246	
  0.227833	  0.000000	  0.465517	  0.306650	
  0.048030	  0.570197	  0.217980	  0.163793	
  0.086207	  0.000000	  0.913793	  0.000000	
  0.320197	  0.445813	  0.001232	  0.232759	
  0.847291	  0.151478	  0.001232	  0.000000	
  1.000000	  0.000000	  0.000000	  0.000000	
  0.000000	  0.150246	  0.011084	  0.838670	
  0.264778	  0.485222	  0.040640	  0.209360	
  0.213054	  0.070197	  0.181034	  0.535714	
  0.113300	  0.311576	  0.205665	  0.369458	

MOTIF CEBPG CEBPG_MOUSE
letter-probability matrix: alength= 4 w= 12 nsites= 493 E= 0
  0.338742	  0.119675	  0.391481	  0.150101	
  0.194726	  0.158215	  0.409736	  0.237323	
  0.462475	  0.391481	  0.125761	  0.020284	
  0.002028	  0.004057	  0.000000	  0.993915	
  0.006085	  0.004057	  0.955375	  0.034483	
  0.933063	  0.012170	  0.024341	  0.030426	
  0.016227	  0.068966	  0.028398	  0.886410	
  0.000000	  0.002028	  0.993915	  0.004057	
  0.129817	  0.756592	  0.000000	  0.113590	
  0.973631	  0.026369	  0.000000	  0.000000	
  1.000000	  0.000000	  0.000000	  0.000000	
  0.022312	  0.312373	  0.152130	  0.513185	

MOTIF CLOCK CLOCK_MOUSE
letter-probability matrix: alength= 4 w= 14 nsites= 252 E= 0
  0.158730	  0.599206	  0.178571	  0.063492	
  0.424603	  0.115079	  0.190476	  0.269841	
  0.202381	  0.146825	  0.511905	  0.138889	
  0.337302	  0.321429	  0.166667	  0.174603	
  0.095238	  0.849206	  0.043651	  0.011905	
  0.809524	  0.063492	  0.043651	  0.083333	
  0.154762	  0.607143	  0.126984	  0.111111	
  0.253968	  0.055556	  0.642857	  0.047619	
  0.095238	  0.119048	  0.043651	  0.742063	
  0.087302	  0.023810	  0.861111	  0.027778	
  0.400794	  0.313492	  0.178571	  0.107143	
  0.369048	  0.242063	  0.281746	  0.107143	
  0.222222	  0.388889	  0.289683	  0.099206	
  0.492063	  0.297619	  0.023810	  0.186508	

MOTIF COE1 COE1_MOUSE
letter-probability matrix: alength= 4 w= 13 nsites= 429 E= 0
  0.417249	  0.095571	  0.300699	  0.186480	
  0.121212	  0.188811	  0.477855	  0.212121	
  0.025641	  0.335664	  0.055944	  0.582751	
  0.002331	  0.988345	  0.006993	  0.002331	
  0.004662	  0.794872	  0.004662	  0.195804	
  0.004662	  0.976690	  0.004662	  0.013986	
  0.403263	  0.041958	  0.081585	  0.473193	
  0.188811	  0.037296	  0.675991	  0.097902	
  0.011655	  0.011655	  0.967366	  0.009324	
  0.111888	  0.000000	  0.888112	  0.000000	
  0.000000	  0.000000	  1.000000	  0.000000	
  0.848485	  0.018648	  0.121212	  0.011655	
  0.198135	  0.433566	  0.300699	  0.067599	

MOTIF COT1 COT1_MOUSE
letter-probability matrix: alength= 4 w= 9 nsites= 83 E= 0
  0.096386	  0.638554	  0.084337	  0.180723	
  0.686747	  0.108434	  0.096386	  0.108434	
  0.650602	  0.048193	  0.216867	  0.084337	
  0.807229	  0.000000	  0.192771	  0.000000	
  0.012048	  0.000000	  0.987952	  0.000000	
  0.000000	  0.000000	  0.759036	  0.240964	
  0.012048	  0.084337	  0.024096	  0.879518	
  0.012048	  0.903614	  0.012048	  0.072289	
  0.843373	  0.084337	  0.048193	  0.024096	

MOTIF COT2 COT2_MOUSE
letter-probability matrix: alength= 4 w= 13 nsites= 500 E= 0
  0.172000	  0.348000	  0.252000	  0.228000	
  0.272000	  0.424000	  0.144000	  0.160000	
  0.548000	  0.190000	  0.110000	  0.152000	
  0.480000	  0.082000	  0.376000	  0.062000	
  0.764000	  0.004000	  0.222000	  0.010000	
  0.034000	  0.000000	  0.956000	  0.010000	
  0.016000	  0.006000	  0.954000	  0.024000	
  0.018000	  0.062000	  0.088000	  0.832000	
  0.004000	  0.908000	  0.040000	  0.048000	
  0.972000	  0.002000	  0.010000	  0.016000	
  0.328000	  0.156000	  0.376000	  0.140000	
  0.414000	  0.146000	  0.352000	  0.088000	
  0.284000	  0.108000	  0.406000	  0.202000	

MOTIF CREB1 CREB1_MOUSE
letter-probability matrix: alength= 4 w= 11 nsites= 500 E= 0
  0.282000	  0.286000	  0.152000	  0.280000	
  0.346000	  0.096000	  0.426000	  0.132000	
  0.510000	  0.042000	  0.436000	  0.012000	
  0.004000	  0.024000	  0.010000	  0.962000	
  0.008000	  0.006000	  0.978000	  0.008000	
  0.970000	  0.000000	  0.022000	  0.008000	
  0.010000	  0.866000	  0.028000	  0.096000	
  0.018000	  0.012000	  0.896000	  0.074000	
  0.080000	  0.268000	  0.012000	  0.640000	
  0.314000	  0.504000	  0.082000	  0.100000	
  0.622000	  0.122000	  0.116000	  0.140000	

MOTIF CREM CREM_MOUSE
letter-probability matrix: alength= 4 w= 11 nsites= 30 E= 0
  0.033333	  0.566667	  0.266667	  0.133333	
  0.466667	  0.200000	  0.333333	  0.000000	
  0.266667	  0.400000	  0.266667	  0.066667	
  0.000000	  0.000000	  0.000000	  1.000000	
  0.033333	  0.000000	  0.966667	  0.000000	
  0.966667	  0.033333	  0.000000	  0.000000	
  0.033333	  0.900000	  0.066667	  0.000000	
  0.233333	  0.000000	  0.766667	  0.000000	
  0.100000	  0.033333	  0.000000	  0.866667	
  0.033333	  0.700000	  0.233333	  0.033333	
  0.833333	  0.100000	  0.033333	  0.033333	

MOTIF CRX CRX_MOUSE
letter-probability matrix: alength= 4 w= 13 nsites= 500 E= 0
  0.248000	  0.164000	  0.152000	  0.436000	
  0.534000	  0.104000	  0.262000	  0.100000	
  0.574000	  0.046000	  0.276000	  0.104000	
  0.172000	  0.092000	  0.566000	  0.170000	
  0.498000	  0.164000	  0.262000	  0.076000	
  0.192000	  0.006000	  0.776000	  0.026000	
  0.032000	  0.010000	  0.936000	  0.022000	
  0.764000	  0.218000	  0.016000	  0.002000	
  0.000000	  0.000000	  0.000000	  1.000000	
  0.022000	  0.058000	  0.024000	  0.896000	
  0.880000	  0.004000	  0.034000	  0.082000	
  0.270000	  0.066000	  0.526000	  0.138000	
  0.234000	  0.324000	  0.344000	  0.098000	

MOTIF CTCFL CTCFL_MOUSE
letter-probability matrix: alength= 4 w= 18 nsites= 495 E= 0
  0.193939	  0.202020	  0.476768	  0.127273	
  0.054545	  0.818182	  0.084848	  0.042424	
  0.016162	  0.967677	  0.008081	  0.008081	
  0.343434	  0.107071	  0.397980	  0.151515	
  0.096970	  0.509091	  0.383838	  0.010101	
  0.052525	  0.593939	  0.080808	  0.272727	
  0.901010	  0.026263	  0.050505	  0.022222	
  0.004040	  0.004040	  0.991919	  0.000000	
  0.169697	  0.000000	  0.826263	  0.004040	
  0.044444	  0.052525	  0.787879	  0.115152	
  0.008081	  0.004040	  0.983838	  0.004040	
  0.002020	  0.018182	  0.941414	  0.038384	
  0.046465	  0.947475	  0.000000	  0.006061	
  0.135354	  0.002020	  0.858586	  0.004040	
  0.022222	  0.787879	  0.149495	  0.040404	
  0.111111	  0.389899	  0.094949	  0.404040	
  0.234343	  0.313131	  0.397980	  0.054545	
  0.084848	  0.365657	  0.260606	  0.288889	

MOTIF CTCF CTCF_MOUSE
letter-probability matrix: alength= 4 w= 20 nsites= 500 E= 0
  0.080000	  0.368000	  0.128000	  0.424000	
  0.148000	  0.176000	  0.526000	  0.150000	
  0.204000	  0.092000	  0.588000	  0.116000	
  0.040000	  0.876000	  0.048000	  0.036000	
  0.008000	  0.990000	  0.000000	  0.002000	
  0.636000	  0.018000	  0.286000	  0.060000	
  0.020000	  0.602000	  0.368000	  0.010000	
  0.104000	  0.612000	  0.042000	  0.242000	
  0.886000	  0.038000	  0.052000	  0.024000	
  0.002000	  0.000000	  0.994000	  0.004000	
  0.348000	  0.000000	  0.650000	  0.002000	
  0.034000	  0.036000	  0.640000	  0.290000	
  0.002000	  0.008000	  0.980000	  0.010000	
  0.022000	  0.020000	  0.900000	  0.058000	
  0.066000	  0.904000	  0.000000	  0.030000	
  0.252000	  0.006000	  0.738000	  0.004000	
  0.064000	  0.670000	  0.246000	  0.020000	
  0.090000	  0.362000	  0.118000	  0.430000	
  0.292000	  0.304000	  0.358000	  0.046000	
  0.092000	  0.242000	  0.360000	  0.306000	

MOTIF CUX1 CUX1_MOUSE
letter-probability matrix: alength= 4 w= 14 nsites= 97 E= 0
  0.463918	  0.144330	  0.319588	  0.072165	
  0.123711	  0.206186	  0.371134	  0.298969	
  0.309278	  0.144330	  0.515464	  0.030928	
  0.195876	  0.247423	  0.453608	  0.103093	
  0.154639	  0.288660	  0.319588	  0.237113	
  0.268041	  0.072165	  0.350515	  0.309278	
  0.948454	  0.010309	  0.030928	  0.010309	
  0.010309	  0.020619	  0.000000	  0.969072	
  0.000000	  0.680412	  0.041237	  0.278351	
  0.134021	  0.041237	  0.762887	  0.061856	
  0.690722	  0.000000	  0.268041	  0.041237	
  0.010309	  0.020619	  0.000000	  0.969072	
  0.072165	  0.257732	  0.505155	  0.164948	
  0.123711	  0.185567	  0.391753	  0.298969	

MOTIF CUX2 CUX2_MOUSE
letter-probability matrix: alength= 4 w= 11 nsites= 489 E= 0
  0.468303	  0.190184	  0.102249	  0.239264	
  0.572597	  0.034765	  0.331288	  0.061350	
  0.717791	  0.083845	  0.155419	  0.042945	
  0.077710	  0.051125	  0.047035	  0.824131	
  0.010225	  0.936605	  0.044990	  0.008180	
  0.832311	  0.065440	  0.079755	  0.022495	
  0.791411	  0.169734	  0.022495	  0.016360	
  0.073620	  0.006135	  0.096115	  0.824131	
  0.353783	  0.182004	  0.404908	  0.059305	
  0.529652	  0.167689	  0.200409	  0.102249	
  0.441718	  0.210634	  0.190184	  0.157464	

MOTIF DBP DBP_MOUSE
letter-probability matrix: alength= 4 w= 11 nsites= 25 E= 0
  0.320000	  0.240000	  0.400000	  0.040000	
  0.080000	  0.000000	  0.040000	  0.880000	
  0.080000	  0.080000	  0.080000	  0.760000	
  0.640000	  0.080000	  0.160000	  0.120000	
  0.040000	  0.120000	  0.080000	  0.760000	
  0.080000	  0.040000	  0.840000	  0.040000	
  0.000000	  0.440000	  0.000000	  0.560000	
  0.920000	  0.040000	  0.000000	  0.040000	
  0.960000	  0.000000	  0.000000	  0.040000	
  0.120000	  0.320000	  0.240000	  0.320000	
  0.400000	  0.240000	  0.200000	  0.160000	

MOTIF DDIT3 DDIT3_MOUSE
letter-probability matrix: alength= 4 w= 10 nsites= 500 E= 0
  0.436000	  0.400000	  0.146000	  0.018000	
  0.022000	  0.018000	  0.016000	  0.944000	
  0.012000	  0.028000	  0.930000	  0.030000	
  0.900000	  0.028000	  0.032000	  0.040000	
  0.022000	  0.058000	  0.046000	  0.874000	
  0.014000	  0.008000	  0.952000	  0.026000	
  0.336000	  0.432000	  0.004000	  0.228000	
  0.884000	  0.112000	  0.004000	  0.000000	
  0.988000	  0.000000	  0.008000	  0.004000	
  0.072000	  0.242000	  0.164000	  0.522000	

MOTIF DLX3 DLX3_MOUSE
letter-probability matrix: alength= 4 w= 10 nsites= 34 E= 0
  0.176471	  0.117647	  0.647059	  0.058824	
  0.411765	  0.411765	  0.176471	  0.000000	
  0.000000	  0.029412	  0.000000	  0.970588	
  0.970588	  0.000000	  0.029412	  0.000000	
  1.000000	  0.000000	  0.000000	  0.000000	
  0.000000	  0.000000	  0.000000	  1.000000	
  0.000000	  0.000000	  0.058824	  0.941176	
  0.529412	  0.029412	  0.352941	  0.088235	
  0.147059	  0.529412	  0.264706	  0.058824	
  0.441176	  0.147059	  0.117647	  0.294118	

MOTIF DLX5 DLX5_MOUSE
letter-probability matrix: alength= 4 w= 11 nsites= 464 E= 0
  0.243534	  0.066810	  0.043103	  0.646552	
  0.715517	  0.090517	  0.165948	  0.028017	
  0.905172	  0.030172	  0.025862	  0.038793	
  0.017241	  0.023707	  0.021552	  0.937500	
  0.049569	  0.030172	  0.127155	  0.793103	
  0.661638	  0.062500	  0.215517	  0.060345	
  0.058190	  0.403017	  0.058190	  0.480603	
  0.650862	  0.004310	  0.120690	  0.224138	
  0.047414	  0.025862	  0.674569	  0.252155	
  0.103448	  0.142241	  0.571121	  0.183190	
  0.068966	  0.170259	  0.370690	  0.390086	

MOTIF DMRT1 DMRT1_MOUSE
letter-probability matrix: alength= 4 w= 17 nsites= 500 E= 0
  0.204000	  0.232000	  0.118000	  0.446000	
  0.312000	  0.042000	  0.272000	  0.374000	
  0.062000	  0.046000	  0.864000	  0.028000	
  0.388000	  0.336000	  0.046000	  0.230000	
  0.360000	  0.102000	  0.074000	  0.464000	
  0.958000	  0.014000	  0.010000	  0.018000	
  0.040000	  0.934000	  0.010000	  0.016000	
  0.878000	  0.006000	  0.002000	  0.114000	
  0.762000	  0.238000	  0.000000	  0.000000	
  0.324000	  0.006000	  0.016000	  0.654000	
  0.010000	  0.020000	  0.968000	  0.002000	
  0.030000	  0.004000	  0.008000	  0.958000	
  0.500000	  0.042000	  0.112000	  0.346000	
  0.260000	  0.026000	  0.400000	  0.314000	
  0.012000	  0.916000	  0.026000	  0.046000	
  0.466000	  0.238000	  0.034000	  0.262000	
  0.478000	  0.174000	  0.194000	  0.154000	

MOTIF DMRTB DMRTB_MOUSE
letter-probability matrix: alength= 4 w= 16 nsites= 500 E= 0
  0.120000	  0.242000	  0.238000	  0.400000	
  0.198000	  0.096000	  0.296000	  0.410000	
  0.036000	  0.024000	  0.866000	  0.074000	
  0.300000	  0.434000	  0.042000	  0.224000	
  0.266000	  0.122000	  0.028000	  0.584000	
  0.860000	  0.064000	  0.032000	  0.044000	
  0.010000	  0.950000	  0.026000	  0.014000	
  0.662000	  0.042000	  0.026000	  0.270000	
  0.000000	  0.004000	  0.260000	  0.736000	
  0.128000	  0.022000	  0.036000	  0.814000	
  0.038000	  0.050000	  0.848000	  0.064000	
  0.046000	  0.042000	  0.026000	  0.886000	
  0.490000	  0.080000	  0.126000	  0.304000	
  0.200000	  0.054000	  0.338000	  0.408000	
  0.066000	  0.832000	  0.042000	  0.060000	
  0.324000	  0.336000	  0.066000	  0.274000	

MOTIF E2F1 E2F1_MOUSE
letter-probability matrix: alength= 4 w= 12 nsites= 500 E= 0
  0.178000	  0.162000	  0.508000	  0.152000	
  0.372000	  0.114000	  0.336000	  0.178000	
  0.170000	  0.024000	  0.644000	  0.162000	
  0.058000	  0.104000	  0.826000	  0.012000	
  0.014000	  0.008000	  0.974000	  0.004000	
  0.016000	  0.924000	  0.004000	  0.056000	
  0.024000	  0.008000	  0.934000	  0.034000	
  0.078000	  0.018000	  0.884000	  0.020000	
  0.022000	  0.016000	  0.962000	  0.000000	
  0.574000	  0.042000	  0.370000	  0.014000	
  0.506000	  0.282000	  0.164000	  0.048000	
  0.356000	  0.202000	  0.302000	  0.140000	

MOTIF E2F2 E2F2_MOUSE
letter-probability matrix: alength= 4 w= 10 nsites= 8 E= 0
  0.125000	  0.125000	  0.625000	  0.125000	
  0.000000	  0.000000	  1.000000	  0.000000	
  0.000000	  0.750000	  0.250000	  0.000000	
  0.000000	  0.000000	  1.000000	  0.000000	
  0.000000	  0.750000	  0.125000	  0.125000	
  0.000000	  0.000000	  1.000000	  0.000000	
  0.625000	  0.250000	  0.125000	  0.000000	
  0.875000	  0.125000	  0.000000	  0.000000	
  0.625000	  0.000000	  0.125000	  0.250000	
  0.125000	  0.750000	  0.000000	  0.125000	

MOTIF E2F3 E2F3_MOUSE
letter-probability matrix: alength= 4 w= 10 nsites= 498 E= 0
  0.186747	  0.112450	  0.570281	  0.130522	
  0.122490	  0.257028	  0.618474	  0.002008	
  0.006024	  0.024096	  0.953815	  0.016064	
  0.074297	  0.917671	  0.000000	  0.008032	
  0.020080	  0.030120	  0.945783	  0.004016	
  0.004016	  0.026104	  0.961847	  0.008032	
  0.066265	  0.010040	  0.921687	  0.002008	
  0.983936	  0.004016	  0.008032	  0.004016	
  0.441767	  0.084337	  0.471888	  0.002008	
  0.208835	  0.263052	  0.471888	  0.056225	

MOTIF E2F4 E2F4_MOUSE
letter-probability matrix: alength= 4 w= 14 nsites= 500 E= 0
  0.382000	  0.190000	  0.274000	  0.154000	
  0.234000	  0.100000	  0.604000	  0.062000	
  0.204000	  0.068000	  0.552000	  0.176000	
  0.248000	  0.066000	  0.530000	  0.156000	
  0.024000	  0.074000	  0.900000	  0.002000	
  0.012000	  0.008000	  0.970000	  0.010000	
  0.026000	  0.898000	  0.006000	  0.070000	
  0.008000	  0.002000	  0.958000	  0.032000	
  0.002000	  0.048000	  0.910000	  0.040000	
  0.068000	  0.010000	  0.904000	  0.018000	
  0.578000	  0.048000	  0.326000	  0.048000	
  0.396000	  0.394000	  0.106000	  0.104000	
  0.302000	  0.280000	  0.176000	  0.242000	
  0.280000	  0.196000	  0.196000	  0.328000	

MOTIF E2F5 E2F5_MOUSE
letter-probability matrix: alength= 4 w= 10 nsites= 12 E= 0
  0.166667	  0.333333	  0.333333	  0.166667	
  0.000000	  0.083333	  0.916667	  0.000000	
  0.000000	  1.000000	  0.000000	  0.000000	
  0.000000	  0.000000	  1.000000	  0.000000	
  0.000000	  0.833333	  0.166667	  0.000000	
  0.000000	  0.500000	  0.500000	  0.000000	
  1.000000	  0.000000	  0.000000	  0.000000	
  1.000000	  0.000000	  0.000000	  0.000000	
  1.000000	  0.000000	  0.000000	  0.000000	
  0.250000	  0.416667	  0.166667	  0.166667	

MOTIF E2F6 E2F6_MOUSE
letter-probability matrix: alength= 4 w= 12 nsites= 1864 E= 0
  0.221030	  0.168455	  0.296674	  0.313841	
  0.201717	  0.064378	  0.460300	  0.273605	
  0.147532	  0.118026	  0.719421	  0.015021	
  0.025215	  0.028433	  0.939914	  0.006438	
  0.115880	  0.857833	  0.002146	  0.024142	
  0.057940	  0.028970	  0.888948	  0.024142	
  0.008584	  0.064914	  0.918455	  0.008047	
  0.010193	  0.010193	  0.969421	  0.010193	
  0.807940	  0.003219	  0.186695	  0.002146	
  0.582618	  0.052039	  0.358906	  0.006438	
  0.259657	  0.170601	  0.519313	  0.050429	
  0.186159	  0.222639	  0.483369	  0.107833	

MOTIF E2F7 E2F7_MOUSE
letter-probability matrix: alength= 4 w= 13 nsites= 500 E= 0
  0.196000	  0.148000	  0.530000	  0.126000	
  0.338000	  0.032000	  0.416000	  0.214000	
  0.142000	  0.082000	  0.772000	  0.004000	
  0.044000	  0.004000	  0.942000	  0.010000	
  0.084000	  0.854000	  0.004000	  0.058000	
  0.140000	  0.016000	  0.814000	  0.030000	
  0.022000	  0.012000	  0.958000	  0.008000	
  0.204000	  0.006000	  0.776000	  0.014000	
  0.714000	  0.004000	  0.276000	  0.006000	
  0.604000	  0.138000	  0.240000	  0.018000	
  0.428000	  0.192000	  0.224000	  0.156000	
  0.344000	  0.086000	  0.356000	  0.214000	
  0.260000	  0.152000	  0.486000	  0.102000	

MOTIF EGR1 EGR1_MOUSE
letter-probability matrix: alength= 4 w= 14 nsites= 492 E= 0
  0.227642	  0.193089	  0.471545	  0.107724	
  0.136179	  0.172764	  0.339431	  0.351626	
  0.050813	  0.038618	  0.896341	  0.014228	
  0.154472	  0.670732	  0.012195	  0.162602	
  0.002033	  0.000000	  0.987805	  0.010163	
  0.004065	  0.002033	  0.544715	  0.449187	
  0.034553	  0.002033	  0.963415	  0.000000	
  0.000000	  0.004065	  0.989837	  0.006098	
  0.000000	  0.000000	  1.000000	  0.000000	
  0.148374	  0.611789	  0.000000	  0.239837	
  0.000000	  0.006098	  0.989837	  0.004065	
  0.024390	  0.028455	  0.778455	  0.168699	
  0.262195	  0.085366	  0.548780	  0.103659	
  0.219512	  0.097561	  0.577236	  0.105691	

MOTIF EGR2 EGR2_MOUSE
letter-probability matrix: alength= 4 w= 14 nsites= 500 E= 0
  0.138000	  0.142000	  0.418000	  0.302000	
  0.094000	  0.134000	  0.728000	  0.044000	
  0.222000	  0.398000	  0.068000	  0.312000	
  0.020000	  0.012000	  0.950000	  0.018000	
  0.008000	  0.014000	  0.296000	  0.682000	
  0.062000	  0.004000	  0.926000	  0.008000	
  0.002000	  0.004000	  0.984000	  0.010000	
  0.002000	  0.018000	  0.980000	  0.000000	
  0.248000	  0.418000	  0.014000	  0.320000	
  0.028000	  0.016000	  0.924000	  0.032000	
  0.072000	  0.008000	  0.730000	  0.190000	
  0.252000	  0.096000	  0.542000	  0.110000	
  0.188000	  0.108000	  0.528000	  0.176000	
  0.224000	  0.170000	  0.500000	  0.106000	

MOTIF EHF EHF_MOUSE
letter-probability matrix: alength= 4 w= 15 nsites= 500 E= 0
  0.250000	  0.208000	  0.384000	  0.158000	
  0.446000	  0.156000	  0.166000	  0.232000	
  0.844000	  0.006000	  0.008000	  0.142000	
  0.142000	  0.450000	  0.192000	  0.216000	
  0.194000	  0.512000	  0.294000	  0.000000	
  0.754000	  0.228000	  0.018000	  0.000000	
  0.000000	  0.000000	  1.000000	  0.000000	
  0.002000	  0.000000	  0.998000	  0.000000	
  0.998000	  0.000000	  0.002000	  0.000000	
  0.998000	  0.000000	  0.000000	  0.002000	
  0.226000	  0.008000	  0.766000	  0.000000	
  0.032000	  0.184000	  0.042000	  0.742000	
  0.270000	  0.102000	  0.406000	  0.222000	
  0.250000	  0.246000	  0.408000	  0.096000	
  0.168000	  0.360000	  0.354000	  0.118000	

MOTIF ELF1 ELF1_MOUSE
letter-probability matrix: alength= 4 w= 14 nsites= 500 E= 0
  0.212000	  0.282000	  0.446000	  0.060000	
  0.484000	  0.154000	  0.256000	  0.106000	
  0.608000	  0.090000	  0.154000	  0.148000	
  0.182000	  0.480000	  0.224000	  0.114000	
  0.020000	  0.680000	  0.296000	  0.004000	
  0.176000	  0.814000	  0.002000	  0.008000	
  0.000000	  0.000000	  0.998000	  0.002000	
  0.002000	  0.002000	  0.996000	  0.000000	
  0.992000	  0.004000	  0.000000	  0.004000	
  0.998000	  0.002000	  0.000000	  0.000000	
